[1,-6,0]
-1,-1,0,0|||:1ta1kqonhdv
[1,-5,0]
-1,-1,0,-1|||:1ta1kqonhdv
[1,-4,0]
-1,0,0,-1||0|:1ta1kqonhdv
[2,-6,0]
-1,-1,-1,0|||:1ta1kqonhdv
[2,-5,0]
-1,-1,-1,-1||2|:1ta1kqonhdv
[2,-4,0]
-1,0,-1,-1|||:1ta1kqonhdv
[3,-6,0]
0,-1,-1,0|||:1ta1kqonhdv
[3,-5,0]
0,-1,-1,-1|||:1ta1kqonhdv
[3,-4,0]
1,0,-1,-1|||:1ta1kqonhdv
[4,-4,0]
-1,0,1,0|||:llr8fhjxpgly
[5,-4,0]
-1,0,-1,0||2|:llr8fhjxpgly
[6,-4,0]
-1,0,-1,0|||:llr8fhjxpgly
[7,-4,0]
1,0,-1,0|||:llr8fhjxpgly
[8,-6,0]
-1,-1,0,0||2|:gi1rkw6yaof1
[8,-5,0]
-1,-1,0,-1|||:gi1rkw6yaof1
[8,-4,0]
-1,-1,1,-1|||:gi1rkw6yaof1
[8,-3,0]
-1,-1,0,-1|||:gi1rkw6yaof1
[8,-2,0]
-1,-1,0,-1|||:gi1rkw6yaof1
[8,-1,0]
-1,0,0,-1||2|:gi1rkw6yaof1
[9,-6,0]
-1,-1,-1,0|||:gi1rkw6yaof1
[9,-5,0]
-1,-1,-1,-1|||:gi1rkw6yaof1
[9,-4,0]
-1,-1,-1,-1|||:gi1rkw6yaof1
[9,-3,0]
-1,-1,-1,-1|||:gi1rkw6yaof1
[9,-2,0]
-1,-1,-1,-1|||:gi1rkw6yaof1
[9,-1,0]
-1,0,-1,-1|||:gi1rkw6yaof1
[10,-6,0]
-1,-1,-1,0|||:gi1rkw6yaof1
[10,-5,0]
-1,-1,-1,-1|||:gi1rkw6yaof1
[10,-4,0]
-1,-1,-1,-1|||:gi1rkw6yaof1
[10,-3,0]
-1,-1,-1,-1|||:gi1rkw6yaof1
[10,-2,0]
-1,-1,-1,-1|||:gi1rkw6yaof1
[10,-1,0]
-1,1,-1,-1|||:gi1rkw6yaof1
[11,-6,0]
-1,-1,-1,0|||:gi1rkw6yaof1
[11,-5,0]
-1,-1,-1,-1|||:gi1rkw6yaof1
[11,-4,0]
-1,-1,-1,-1|||:gi1rkw6yaof1
[11,-3,0]
-1,-1,-1,-1|||:gi1rkw6yaof1
[11,-2,0]
-1,-1,-1,-1|||:gi1rkw6yaof1
[11,-1,0]
-1,0,-1,-1|||:gi1rkw6yaof1
[12,-6,0]
0,-1,-1,0|||:gi1rkw6yaof1
[12,-5,0]
0,-1,-1,-1|||:gi1rkw6yaof1
[12,-4,0]
0,-1,-1,-1|||:gi1rkw6yaof1
[12,-3,0]
0,-1,-1,-1||2|:gi1rkw6yaof1
[12,-2,0]
0,-1,-1,-1|||:gi1rkw6yaof1
[12,-1,0]
0,0,-1,-1|||:gi1rkw6yaof1
[10,0,0]
0,-1,0,1|||:d1m1jd3i0kvue
[10,1,0]
0,-1,0,-1|||:d1m1jd3i0kvue
[10,2,0]
0,-1,0,-1|||:d1m1jd3i0kvue
[10,3,0]
0,-1,0,-1|||:d1m1jd3i0kvue
[10,4,0]
0,-1,0,-1|||:d1m1jd3i0kvue
[10,5,0]
0,0,-1,-1|||:d1m1jd3i0kvue
[8,4,0]
-1,-1,0,0|||:d1m1jd3i0kvue
[8,5,0]
-1,0,-1,-1|||:d1m1jd3i0kvue
[9,4,0]
0,-1,-1,0|||:d1m1jd3i0kvue
[9,5,0]
-1,0,-1,-1|||:d1m1jd3i0kvue
[4,5,0]
-1,-1,0,0|||:d1m1jd3i0kvue
[4,6,0]
-1,-1,0,-1|||:d1m1jd3i0kvue
[5,5,0]
-1,-1,-1,0|||:d1m1jd3i0kvue
[5,6,0]
-1,0,-1,-1|||:d1m1jd3i0kvue
[6,5,0]
-1,-1,-1,0|||:d1m1jd3i0kvue
[6,6,0]
-1,0,-1,-1|||:d1m1jd3i0kvue
[7,5,0]
-1,-1,-1,0|||:d1m1jd3i0kvue
[7,6,0]
0,0,-1,-1|||:d1m1jd3i0kvue
[2,7,0]
-1,-1,0,0|||:d1m1jd3i0kvue
[2,8,0]
-1,0,0,-1|||:d1m1jd3i0kvue
[3,7,0]
-1,-1,-1,0|||:d1m1jd3i0kvue
[3,8,0]
0,0,-1,-1|||:d1m1jd3i0kvue
[4,7,0]
0,0,-1,-1|||:d1m1jd3i0kvue
